0024_5328004991 0 788 788
0024_5328004991 1 788 788
0024_5328004991 2 788 788
0024_5328004991 3 788 788
0024_5328004991 4 788 788
0024_5328004991 5 788 788
0024_5328004991 6 788 788
0024_5328004991 7 788 788
0024_5328004991 8 788 788
0024_5328004991 9 788 788
0024_5328004991 10 788 788
0024_5328004991 11 788 788
0024_5328004991 12 788 788
0024_5328004991 13 788 788
0024_5328004991 14 788 788
0024_5328004991 15 788 788
0024_5328004991 16 788 788
0024_5328004991 17 788 788
0024_5328004991 18 788 788
0024_5328004991 19 788 788
0024_5328004991 20 788 788
0024_5328004991 21 788 788
0024_5328004991 22 788 788
0024_5328004991 23 788 788
0024_5328004991 24 788 788
0024_5328004991 25 788 788
0024_5328004991 26 788 788
0024_5328004991 27 788 788
0024_5328004991 28 788 788
0024_5328004991 29 788 788
0024_5328004991 30 788 788
0024_5328004991 31 788 788
0024_5328004991 32 788 788
0024_5328004991 33 788 788
0024_5328004991 34 788 788
0024_5328004991 35 788 788
0024_5328004991 36 788 788
0024_5328004991 37 788 788
0024_5328004991 38 788 788
0024_5328004991 39 788 788
0024_5328004991 40 788 788
0024_5328004991 41 788 788
0024_5328004991 42 788 788
0024_5328004991 43 788 788
0024_5328004991 44 788 788
0024_5328004991 45 788 788
0024_5328004991 46 788 788
0024_5328004991 47 788 788
0024_5328004991 48 788 788
0024_5328004991 49 788 788
0024_5328004991 50 788 788
0024_5328004991 51 788 788
0024_5328004991 52 788 788
0024_5328004991 53 788 788
0024_5328004991 54 788 788
0024_5328004991 55 788 788
0024_5328004991 56 788 788
0024_5328004991 57 788 788
0024_5328004991 58 788 788
0024_5328004991 59 788 788
0024_5328004991 60 788 788
0024_5328004991 61 788 788
0024_5328004991 62 788 788
0024_5328004991 63 788 788
0024_5328004991 64 788 788
0024_5328004991 65 788 788
0024_5328004991 66 788 788
0024_5328004991 67 788 788
0024_5328004991 68 788 788
0024_5328004991 69 788 788
0024_5328004991 70 788 788
0024_5328004991 71 788 788
0024_5328004991 72 788 788
0024_5328004991 73 788 788
0024_5328004991 74 788 788
0024_5328004991 75 788 788
0024_5328004991 76 788 788
0024_5328004991 77 788 788
0024_5328004991 78 788 788
0024_5328004991 79 788 788
0024_5328004991 80 788 788
0024_5328004991 81 788 788
0024_5328004991 82 788 788
0024_5328004991 83 788 788
0024_5328004991 84 788 788
0024_5328004991 85 788 788
0024_5328004991 86 788 788
0024_5328004991 87 788 788
0024_5328004991 88 788 788
0024_5328004991 89 788 788
0024_5328004991 90 788 788
0024_5328004991 91 788 788
0024_5328004991 92 788 788
0024_5328004991 93 788 788
0024_5328004991 94 788 788
0024_5328004991 95 788 788
0024_5328004991 96 788 788
0024_5328004991 97 788 788
0024_5328004991 98 788 788
0024_5328004991 99 788 788
0024_5328004991 100 788 788
0024_5328004991 101 788 788
0024_5328004991 102 788 788
0024_5328004991 103 788 788
0024_5328004991 104 788 788
0024_5328004991 105 788 788
0024_5328004991 106 788 788
0024_5328004991 107 788 788
0024_5328004991 108 788 788
0024_5328004991 109 788 788
0024_5328004991 110 788 788
0024_5328004991 111 788 788
0024_5328004991 112 788 788
0024_5328004991 113 788 788
0024_5328004991 114 788 788
0024_5328004991 115 788 788
0024_5328004991 116 788 788
0024_5328004991 117 788 788
0024_5328004991 118 788 788
0024_5328004991 119 788 788
0024_5328004991 120 788 788
0024_5328004991 121 788 788
0024_5328004991 122 788 788
0024_5328004991 123 788 788
0024_5328004991 124 788 788
0024_5328004991 125 788 788
0024_5328004991 126 788 788
0024_5328004991 127 788 788
0024_5328004991 128 788 788
0024_5328004991 129 788 788
0024_5328004991 130 788 788
0024_5328004991 131 788 788
0024_5328004991 132 788 788
0024_5328004991 133 788 788
0024_5328004991 134 788 788
0024_5328004991 135 788 788
0024_5328004991 136 788 788
0024_5328004991 137 788 788
0024_5328004991 138 788 788
0024_5328004991 139 788 788
0024_5328004991 140 788 788
0024_5328004991 141 788 788
0024_5328004991 142 788 788
0024_5328004991 143 788 788
0024_5328004991 144 788 788
0024_5328004991 145 788 788
0024_5328004991 146 788 788
0024_5328004991 147 788 788
0024_5328004991 148 788 788
0024_5328004991 149 788 788
0024_5328004991 150 788 788
0024_5328004991 151 788 788
0024_5328004991 152 788 788
0024_5328004991 153 788 788
0024_5328004991 154 788 788
0024_5328004991 155 788 788
0024_5328004991 156 788 788
0024_5328004991 157 788 788
0024_5328004991 158 788 788
0024_5328004991 159 788 788
0024_5328004991 160 788 788
0024_5328004991 161 788 788
0024_5328004991 162 788 788
0024_5328004991 163 788 788
0024_5328004991 164 788 788
0024_5328004991 165 788 788
0024_5328004991 166 788 788
0024_5328004991 167 788 788
0024_5328004991 168 788 788
0024_5328004991 169 788 788
0024_5328004991 170 788 788
0024_5328004991 171 788 788
0024_5328004991 172 788 788
0024_5328004991 173 788 788
0024_5328004991 174 788 788
0024_5328004991 175 788 788
0024_5328004991 176 788 788
0024_5328004991 177 788 788
0024_5328004991 178 788 788
0024_5328004991 179 788 788
0024_5328004991 180 788 788
0024_5328004991 181 788 788
0024_5328004991 182 788 788
0024_5328004991 183 788 788
0024_5328004991 184 788 788
0024_5328004991 185 788 788
0024_5328004991 186 788 788
0024_5328004991 187 788 788
0024_5328004991 188 788 788
0024_5328004991 189 788 788
0024_5328004991 190 788 788
0024_5328004991 191 788 788
0024_5328004991 192 788 788
0024_5328004991 193 788 788
0024_5328004991 194 788 788
0024_5328004991 195 788 788
0024_5328004991 196 788 788
0024_5328004991 197 788 788
0024_5328004991 198 788 788
0024_5328004991 199 788 788
0024_5328004991 200 788 788
0024_5328004991 201 788 788
0024_5328004991 202 788 788
0024_5328004991 203 788 788
0024_5328004991 204 788 788
0024_5328004991 205 788 788
0024_5328004991 206 788 788
0024_5328004991 207 788 788
0024_5328004991 208 788 788
0024_5328004991 209 788 788
0024_5328004991 210 788 788
0024_5328004991 211 788 788
0024_5328004991 212 788 788
0024_5328004991 213 788 788
0024_5328004991 214 788 788
0024_5328004991 215 788 788
0024_5328004991 216 788 788
0024_5328004991 217 788 788
0024_5328004991 218 788 788
0024_5328004991 219 788 788
0024_5328004991 220 788 788
0024_5328004991 221 788 788
0024_5328004991 222 788 788
0024_5328004991 223 788 788
0024_5328004991 224 788 788
0024_5328004991 225 788 788
0024_5328004991 226 788 788
0024_5328004991 227 788 788
0024_5328004991 228 788 788
0024_5328004991 229 788 788
0024_5328004991 230 788 788
0024_5328004991 231 788 788
0024_5328004991 232 788 788
0024_5328004991 233 788 788
0024_5328004991 234 788 788
0024_5328004991 235 788 788
0024_5328004991 236 788 788
0024_5328004991 237 788 788
0024_5328004991 238 788 788
0024_5328004991 239 788 788
0024_5328004991 240 788 788
0024_5328004991 241 788 788
0024_5328004991 242 788 788
0024_5328004991 243 788 788
0024_5328004991 244 788 788
0024_5328004991 245 788 788
0024_5328004991 246 788 788
0024_5328004991 247 788 788
0024_5328004991 248 788 788
0024_5328004991 249 788 788
0024_5328004991 250 788 788
0024_5328004991 251 788 788
0024_5328004991 252 788 788
0024_5328004991 253 788 788
0024_5328004991 254 788 788
0024_5328004991 255 788 788
0024_5328004991 256 788 788
0024_5328004991 257 788 788
0024_5328004991 258 788 788
0024_5328004991 259 788 788
0024_5328004991 260 788 788
0024_5328004991 261 788 788
0024_5328004991 262 788 788
0024_5328004991 263 788 788
0024_5328004991 264 788 788
0024_5328004991 265 788 788
0024_5328004991 266 788 788
0024_5328004991 267 788 788
0024_5328004991 268 788 788
0024_5328004991 269 788 788
0024_5328004991 270 788 788
0024_5328004991 271 788 788
0024_5328004991 272 788 788
0024_5328004991 273 788 788
0024_5328004991 274 788 788
0024_5328004991 275 788 788
0024_5328004991 276 788 788
0024_5328004991 277 788 788
0024_5328004991 278 788 788
0024_5328004991 279 788 788
0024_5328004991 280 788 788
0024_5328004991 281 788 788
0024_5328004991 282 788 788
0024_5328004991 283 788 788
0024_5328004991 284 788 788
0024_5328004991 285 788 788
0024_5328004991 286 788 788
0024_5328004991 287 788 788
0024_5328004991 288 788 788
0024_5328004991 289 788 788
0024_5328004991 290 788 788
0024_5328004991 291 788 788
0024_5328004991 292 788 788
0024_5328004991 293 788 788
0024_5328004991 294 788 788
0024_5328004991 295 788 788
0024_5328004991 296 788 788
0024_5328004991 297 788 788
0024_5328004991 298 788 788
0024_5328004991 299 788 788
0024_5328004991 300 788 788
0024_5328004991 301 788 788
0024_5328004991 302 788 788
0024_5328004991 303 788 788
0024_5328004991 304 788 788
0024_5328004991 305 788 788
0024_5328004991 306 788 788
0024_5328004991 307 788 788
0024_5328004991 308 788 788
0024_5328004991 309 788 788
0024_5328004991 310 788 788
0024_5328004991 311 788 788
0024_5328004991 312 788 788
0024_5328004991 313 788 788
0024_5328004991 314 788 788
0024_5328004991 315 788 788
0024_5328004991 316 788 788
0024_5328004991 317 788 788
0024_5328004991 318 788 788
0024_5328004991 319 788 788
0024_5328004991 320 788 788
0024_5328004991 321 788 788
0024_5328004991 322 788 788
0024_5328004991 323 788 788
0024_5328004991 324 788 788
0024_5328004991 325 788 788
0024_5328004991 326 788 788
0024_5328004991 327 788 788
0024_5328004991 328 788 788
0024_5328004991 329 788 788
0024_5328004991 330 788 788
0024_5328004991 331 788 788
0024_5328004991 332 788 788
0024_5328004991 333 788 788
0024_5328004991 334 788 788
0024_5328004991 335 788 788
0024_5328004991 336 788 788
0024_5328004991 337 788 788
0024_5328004991 338 788 788
0024_5328004991 339 788 788
0024_5328004991 340 788 788
0024_5328004991 341 788 788
0024_5328004991 342 788 788
0024_5328004991 343 788 788
0024_5328004991 344 788 788
0024_5328004991 345 788 788
0024_5328004991 346 788 788
0024_5328004991 347 788 788
0024_5328004991 348 788 788
0024_5328004991 349 788 788
0024_5328004991 350 788 788
0024_5328004991 351 788 788
0024_5328004991 352 788 788
0024_5328004991 353 788 788
0024_5328004991 354 788 788
0024_5328004991 355 788 788
0024_5328004991 356 788 788
0024_5328004991 357 788 788
0024_5328004991 358 788 788
0024_5328004991 359 788 788
0024_5328004991 360 788 788
0024_5328004991 361 788 788
0024_5328004991 362 788 788
0024_5328004991 363 788 788
0024_5328004991 364 788 788
0024_5328004991 365 788 788
0024_5328004991 366 788 788
0024_5328004991 367 788 788
0024_5328004991 368 788 788
0024_5328004991 369 788 788
0024_5328004991 370 788 788
0024_5328004991 371 788 788
0024_5328004991 372 788 788
0024_5328004991 373 788 788
0024_5328004991 374 788 788
0024_5328004991 375 788 788
0024_5328004991 376 788 788
0024_5328004991 377 788 788
0024_5328004991 378 788 788
0024_5328004991 379 788 788
0024_5328004991 380 788 788
0024_5328004991 381 788 788
0024_5328004991 382 788 788
0024_5328004991 383 788 788
0024_5328004991 384 788 788
0024_5328004991 385 788 788
0024_5328004991 386 788 788
0024_5328004991 387 788 788
0024_5328004991 388 788 788
0024_5328004991 389 788 788
0024_5328004991 390 788 788
0024_5328004991 391 788 788
0024_5328004991 392 788 788
0024_5328004991 393 788 788
0024_5328004991 394 788 788
0024_5328004991 395 788 788
0024_5328004991 396 788 788
0024_5328004991 397 788 788
0024_5328004991 398 788 788
0024_5328004991 399 788 788
0024_5328004991 400 788 788
0024_5328004991 401 788 788
0024_5328004991 402 788 788
0024_5328004991 403 788 788
0024_5328004991 404 788 788
0024_5328004991 405 788 788
0024_5328004991 406 788 788
0024_5328004991 407 788 788
0024_5328004991 408 788 788
0024_5328004991 409 788 788
0024_5328004991 410 788 788
0024_5328004991 411 788 788
0024_5328004991 412 788 788
0024_5328004991 413 788 788
0024_5328004991 414 788 788
0024_5328004991 415 788 788
0024_5328004991 416 788 788
0024_5328004991 417 788 788
0024_5328004991 418 788 788
0024_5328004991 419 788 788
0024_5328004991 420 788 788
0024_5328004991 421 788 788
0024_5328004991 422 788 788
0024_5328004991 423 788 788
0024_5328004991 424 788 788
0024_5328004991 425 788 788
0024_5328004991 426 788 788
0024_5328004991 427 788 788
0024_5328004991 428 788 788
0024_5328004991 429 788 788
0024_5328004991 430 788 788
0024_5328004991 431 788 788
0024_5328004991 432 788 788
0024_5328004991 433 788 788
0024_5328004991 434 788 788
0024_5328004991 435 788 788
0024_5328004991 436 788 788
0024_5328004991 437 788 788
0024_5328004991 438 788 788
0024_5328004991 439 788 788
0024_5328004991 440 788 788
0024_5328004991 441 788 788
0024_5328004991 442 788 788
0024_5328004991 443 788 788
0024_5328004991 444 788 788
0024_5328004991 445 788 788
0024_5328004991 446 788 788
0024_5328004991 447 788 788
0024_5328004991 448 788 788
0024_5328004991 449 788 788
0024_5328004991 450 788 788
0024_5328004991 451 788 788
0024_5328004991 452 788 788
0024_5328004991 453 788 788
0024_5328004991 454 788 788
0024_5328004991 455 788 788
0024_5328004991 456 788 788
0024_5328004991 457 788 788
0024_5328004991 458 788 788
0024_5328004991 459 788 788
0024_5328004991 460 788 788
0024_5328004991 461 788 788
0024_5328004991 462 788 788
0024_5328004991 463 788 788
0024_5328004991 464 788 788
0024_5328004991 465 788 788
0024_5328004991 466 788 788
0024_5328004991 467 788 788
0024_5328004991 468 788 788
0024_5328004991 469 788 788
0024_5328004991 470 788 788
0024_5328004991 471 788 788
0024_5328004991 472 788 788
0024_5328004991 473 788 788
0024_5328004991 474 788 788
0024_5328004991 475 788 788
0024_5328004991 476 788 788
0024_5328004991 477 788 788
0024_5328004991 478 788 788
0024_5328004991 479 788 788
0024_5328004991 480 788 788
0024_5328004991 481 788 788
0024_5328004991 482 788 788
0024_5328004991 483 788 788
0024_5328004991 484 788 788
0024_5328004991 485 788 788
0024_5328004991 486 788 788
0024_5328004991 487 788 788
0024_5328004991 488 788 788
0024_5328004991 489 788 788
0024_5328004991 490 788 788
0024_5328004991 491 788 788
0024_5328004991 492 788 788
0024_5328004991 493 788 788
0024_5328004991 494 788 788
0024_5328004991 495 788 788
0024_5328004991 496 788 788
0024_5328004991 497 788 788
0024_5328004991 498 788 788
0024_5328004991 499 788 788
0024_5328004991 500 788 788
0024_5328004991 501 788 788
0024_5328004991 502 788 788
0024_5328004991 503 788 788
0024_5328004991 504 788 788
0024_5328004991 505 788 788
0024_5328004991 506 788 788
0024_5328004991 507 788 788
0024_5328004991 508 788 788
0024_5328004991 509 788 788
0024_5328004991 510 788 788
0024_5328004991 511 788 788
0024_5328004991 512 788 788
0024_5328004991 513 788 788
0024_5328004991 514 788 788
0024_5328004991 515 788 788
0024_5328004991 516 788 788
0024_5328004991 517 788 788
0024_5328004991 518 788 788
0024_5328004991 519 788 788
0024_5328004991 520 788 788
0024_5328004991 521 788 788
0024_5328004991 522 788 788
0024_5328004991 523 788 788
0024_5328004991 524 788 788
0024_5328004991 525 788 788
0024_5328004991 526 788 788
0024_5328004991 527 788 788
0024_5328004991 528 788 788
0024_5328004991 529 788 788
0024_5328004991 530 788 788
0024_5328004991 531 788 788
0024_5328004991 532 788 788
0024_5328004991 533 788 788
0024_5328004991 534 788 788
0024_5328004991 535 788 788
0024_5328004991 536 788 788
0024_5328004991 537 788 788
0024_5328004991 538 788 788
0024_5328004991 539 788 788
0024_5328004991 540 788 788
0024_5328004991 541 788 788
0024_5328004991 542 788 788
0024_5328004991 543 788 788
0024_5328004991 544 788 788
0024_5328004991 545 788 788
0024_5328004991 546 788 788
0024_5328004991 547 788 788
0024_5328004991 548 788 788
0024_5328004991 549 788 788
0024_5328004991 550 788 788
0024_5328004991 551 788 788
0024_5328004991 552 788 788
0024_5328004991 553 788 788
0024_5328004991 554 788 788
0024_5328004991 555 788 788
0024_5328004991 556 788 788
0024_5328004991 557 788 788
0024_5328004991 558 788 788
0024_5328004991 559 788 788
0024_5328004991 560 788 788
0024_5328004991 561 788 788
0024_5328004991 562 788 788
0024_5328004991 563 788 788
0024_5328004991 564 788 788
0024_5328004991 565 788 788
0024_5328004991 566 788 788
0024_5328004991 567 788 788
0024_5328004991 568 788 788
0024_5328004991 569 788 788
0024_5328004991 570 788 788
0024_5328004991 571 788 788
0024_5328004991 572 788 788
0024_5328004991 573 788 788
0024_5328004991 574 788 788
0024_5328004991 575 788 788
0024_5328004991 576 788 788
0024_5328004991 577 788 788
0024_5328004991 578 788 788
0024_5328004991 579 788 788
0024_5328004991 580 788 788
0024_5328004991 581 788 788
0024_5328004991 582 788 788
0024_5328004991 583 788 788
0024_5328004991 584 788 788
0024_5328004991 585 788 788
0024_5328004991 586 788 788
0024_5328004991 587 788 788
0024_5328004991 588 788 788
0024_5328004991 589 788 788
0024_5328004991 590 788 788
0024_5328004991 591 788 788
0024_5328004991 592 788 788
0024_5328004991 593 788 788
0024_5328004991 594 788 788
0024_5328004991 595 788 788
0024_5328004991 596 788 788
0024_5328004991 597 788 788
0024_5328004991 598 788 788
0024_5328004991 599 788 788
0024_5328004991 600 788 788
0024_5328004991 601 788 788
0024_5328004991 602 788 788
0024_5328004991 603 788 788
0024_5328004991 604 788 788
0024_5328004991 605 788 788
0024_5328004991 606 788 788
0024_5328004991 607 788 788
0024_5328004991 608 788 788
0024_5328004991 609 788 788
0024_5328004991 610 788 788
0024_5328004991 611 788 788
0024_5328004991 612 788 788
0024_5328004991 613 788 788
0024_5328004991 614 788 788
0024_5328004991 615 788 788
0024_5328004991 616 788 788
0024_5328004991 617 788 788
0024_5328004991 618 788 788
0024_5328004991 619 788 788
0024_5328004991 620 788 788
0024_5328004991 621 788 788
0024_5328004991 622 788 788
0024_5328004991 623 788 788
0024_5328004991 624 788 788
0024_5328004991 625 788 788
0024_5328004991 626 788 788
0024_5328004991 627 788 788
0024_5328004991 628 788 788
0024_5328004991 629 788 788
0024_5328004991 630 788 788
0024_5328004991 631 788 788
0024_5328004991 632 788 788
0024_5328004991 633 788 788
0024_5328004991 634 788 788
0024_5328004991 635 788 788
0024_5328004991 636 788 788
0024_5328004991 637 788 788
0024_5328004991 638 788 788
0024_5328004991 639 788 788
0024_5328004991 640 788 788
0024_5328004991 641 788 788
0024_5328004991 642 788 788
0024_5328004991 643 788 788
0024_5328004991 644 788 788
0024_5328004991 645 788 788
0024_5328004991 646 788 788
0024_5328004991 647 788 788
0024_5328004991 648 788 788
0024_5328004991 649 788 788
0024_5328004991 650 788 788
0024_5328004991 651 788 788
0024_5328004991 652 788 788
0024_5328004991 653 788 788
0024_5328004991 654 788 788
0024_5328004991 655 788 788
0024_5328004991 656 788 788
0024_5328004991 657 788 788
0024_5328004991 658 788 788
0024_5328004991 659 788 788
0024_5328004991 660 788 788
0024_5328004991 661 788 788
0024_5328004991 662 788 788
0024_5328004991 663 788 788
0024_5328004991 664 788 788
0024_5328004991 665 788 788
0024_5328004991 666 788 788
0024_5328004991 667 788 788
0024_5328004991 668 788 788
0024_5328004991 669 788 788
0024_5328004991 670 788 788
0024_5328004991 671 788 788
0024_5328004991 672 788 788
0024_5328004991 673 788 788
0024_5328004991 674 788 788
0024_5328004991 675 788 788
0024_5328004991 676 788 788
0024_5328004991 677 788 788
0024_5328004991 678 788 788
0024_5328004991 679 788 788
0024_5328004991 680 788 788
0024_5328004991 681 788 788
0024_5328004991 682 788 788
0024_5328004991 683 788 788
0024_5328004991 684 788 788
0024_5328004991 685 788 788
0024_5328004991 686 788 788
0024_5328004991 687 788 788
0024_5328004991 688 788 788
0024_5328004991 689 788 788
0024_5328004991 690 788 788
0024_5328004991 691 788 788
0024_5328004991 692 788 788
0024_5328004991 693 788 788
0024_5328004991 694 788 788
0024_5328004991 695 788 788
0024_5328004991 696 788 788
0024_5328004991 697 788 788
0024_5328004991 698 788 788
0024_5328004991 699 788 788
0024_5328004991 700 788 788
0024_5328004991 701 788 788
0024_5328004991 702 788 788
0024_5328004991 703 788 788
0024_5328004991 704 788 788
0024_5328004991 705 788 788
0024_5328004991 706 788 788
0024_5328004991 707 788 788
0024_5328004991 708 788 788
0024_5328004991 709 788 788
0024_5328004991 710 788 788
0024_5328004991 711 788 788
0024_5328004991 712 788 788
0024_5328004991 713 788 788
0024_5328004991 714 788 788
0024_5328004991 715 788 788
0024_5328004991 716 788 788
0024_5328004991 717 788 788
0024_5328004991 718 788 788
0024_5328004991 719 788 788
0024_5328004991 720 788 788
0024_5328004991 721 788 788
0024_5328004991 722 788 788
0024_5328004991 723 788 788
0024_5328004991 724 788 788
0024_5328004991 725 788 788
0024_5328004991 726 788 788
0024_5328004991 727 788 788
0024_5328004991 728 788 788
0024_5328004991 729 788 788
0024_5328004991 730 788 788
0024_5328004991 731 788 788
0024_5328004991 732 788 788
0024_5328004991 733 788 788
0024_5328004991 734 788 788
0024_5328004991 735 788 788
0024_5328004991 736 788 788
0024_5328004991 737 788 788
0024_5328004991 738 788 788
0024_5328004991 739 788 788
0024_5328004991 740 788 788
0024_5328004991 741 788 788
0024_5328004991 742 788 788
0024_5328004991 743 788 788
0024_5328004991 744 788 788
0024_5328004991 745 788 788
0024_5328004991 746 788 788
0024_5328004991 747 788 788
0024_5328004991 748 788 788
0024_5328004991 749 788 788
0024_5328004991 750 788 788
0024_5328004991 751 788 788
0024_5328004991 752 788 788
0024_5328004991 753 788 788
0024_5328004991 754 788 788
0024_5328004991 755 788 788
0024_5328004991 756 788 788
0024_5328004991 757 788 788
0024_5328004991 758 788 788
0024_5328004991 759 788 788
0024_5328004991 760 788 788
0024_5328004991 761 788 788
0024_5328004991 762 788 788
0024_5328004991 763 788 788
0024_5328004991 764 788 788
0024_5328004991 765 788 788
0024_5328004991 766 788 788
0024_5328004991 767 788 788
0024_5328004991 768 788 788
0024_5328004991 769 788 788
0024_5328004991 770 788 788
0024_5328004991 771 788 788
0024_5328004991 772 788 788
0024_5328004991 773 788 788
0024_5328004991 774 788 788
0024_5328004991 775 788 788
0024_5328004991 776 788 788
0024_5328004991 777 788 788
0024_5328004991 778 788 788
0024_5328004991 779 788 788
0024_5328004991 780 788 788
0024_5328004991 781 788 788
0024_5328004991 782 788 788
0024_5328004991 783 788 788
0024_5328004991 784 788 788
0024_5328004991 785 788 788
0024_5328004991 786 788 788
0024_5328004991 787 788 788
0024_6542914065 0 300 300
0024_6542914065 1 300 300
0024_6542914065 2 300 300
0024_6542914065 3 300 300
0024_6542914065 4 300 300
0024_6542914065 5 300 300
0024_6542914065 6 300 300
0024_6542914065 7 300 300
0024_6542914065 8 300 300
0024_6542914065 9 300 300
0024_6542914065 10 300 300
0024_6542914065 11 300 300
0024_6542914065 12 300 300
0024_6542914065 13 300 300
0024_6542914065 14 300 300
0024_6542914065 15 300 300
0024_6542914065 16 300 300
0024_6542914065 17 300 300
0024_6542914065 18 300 300
0024_6542914065 19 300 300
0024_6542914065 20 300 300
0024_6542914065 21 300 300
0024_6542914065 22 300 300
0024_6542914065 23 300 300
0024_6542914065 24 300 300
0024_6542914065 25 300 300
0024_6542914065 26 300 300
0024_6542914065 27 300 300
0024_6542914065 28 300 300
0024_6542914065 29 300 300
0024_6542914065 30 300 300
0024_6542914065 31 300 300
0024_6542914065 32 300 300
0024_6542914065 33 300 300
0024_6542914065 34 300 300
0024_6542914065 35 300 300
0024_6542914065 36 300 300
0024_6542914065 37 300 300
0024_6542914065 38 300 300
0024_6542914065 39 300 300
0024_6542914065 40 300 300
0024_6542914065 41 300 300
0024_6542914065 42 300 300
0024_6542914065 43 300 300
0024_6542914065 44 300 300
0024_6542914065 45 300 300
0024_6542914065 46 300 300
0024_6542914065 47 300 300
0024_6542914065 48 300 300
0024_6542914065 49 300 300
0024_6542914065 50 300 300
0024_6542914065 51 300 300
0024_6542914065 52 300 300
0024_6542914065 53 300 300
0024_6542914065 54 300 300
0024_6542914065 55 300 300
0024_6542914065 56 300 300
0024_6542914065 57 300 300
0024_6542914065 58 300 300
0024_6542914065 59 300 300
0024_6542914065 60 300 300
0024_6542914065 61 300 300
0024_6542914065 62 300 300
0024_6542914065 63 300 300
0024_6542914065 64 300 300
0024_6542914065 65 300 300
0024_6542914065 66 300 300
0024_6542914065 67 300 300
0024_6542914065 68 300 300
0024_6542914065 69 300 300
0024_6542914065 70 300 300
0024_6542914065 71 300 300
0024_6542914065 72 300 300
0024_6542914065 73 300 300
0024_6542914065 74 300 300
0024_6542914065 75 300 300
0024_6542914065 76 300 300
0024_6542914065 77 300 300
0024_6542914065 78 300 300
0024_6542914065 79 300 300
0024_6542914065 80 300 300
0024_6542914065 81 300 300
0024_6542914065 82 300 300
0024_6542914065 83 300 300
0024_6542914065 84 300 300
0024_6542914065 85 300 300
0024_6542914065 86 300 300
0024_6542914065 87 300 300
0024_6542914065 88 300 300
0024_6542914065 89 300 300
0024_6542914065 90 300 300
0024_6542914065 91 300 300
0024_6542914065 92 300 300
0024_6542914065 93 300 300
0024_6542914065 94 300 300
0024_6542914065 95 300 300
0024_6542914065 96 300 300
0024_6542914065 97 300 300
0024_6542914065 98 300 300
0024_6542914065 99 300 300
0024_6542914065 100 300 300
0024_6542914065 101 300 300
0024_6542914065 102 300 300
0024_6542914065 103 300 300
0024_6542914065 104 300 300
0024_6542914065 105 300 300
0024_6542914065 106 300 300
0024_6542914065 107 300 300
0024_6542914065 108 300 300
0024_6542914065 109 300 300
0024_6542914065 110 300 300
0024_6542914065 111 300 300
0024_6542914065 112 300 300
0024_6542914065 113 300 300
0024_6542914065 114 300 300
0024_6542914065 115 300 300
0024_6542914065 116 300 300
0024_6542914065 117 300 300
0024_6542914065 118 300 300
0024_6542914065 119 300 300
0024_6542914065 120 300 300
0024_6542914065 121 300 300
0024_6542914065 122 300 300
0024_6542914065 123 300 300
0024_6542914065 124 300 300
0024_6542914065 125 300 300
0024_6542914065 126 300 300
0024_6542914065 127 300 300
0024_6542914065 128 300 300
0024_6542914065 129 300 300
0024_6542914065 130 300 300
0024_6542914065 131 300 300
0024_6542914065 132 300 300
0024_6542914065 133 300 300
0024_6542914065 134 300 300
0024_6542914065 135 300 300
0024_6542914065 136 300 300
0024_6542914065 137 300 300
0024_6542914065 138 300 300
0024_6542914065 139 300 300
0024_6542914065 140 300 300
0024_6542914065 141 300 300
0024_6542914065 142 300 300
0024_6542914065 143 300 300
0024_6542914065 144 300 300
0024_6542914065 145 300 300
0024_6542914065 146 300 300
0024_6542914065 147 300 300
0024_6542914065 148 300 300
0024_6542914065 149 300 300
0024_6542914065 150 300 300
0024_6542914065 151 300 300
0024_6542914065 152 300 300
0024_6542914065 153 300 300
0024_6542914065 154 300 300
0024_6542914065 155 300 300
0024_6542914065 156 300 300
0024_6542914065 157 300 300
0024_6542914065 158 300 300
0024_6542914065 159 300 300
0024_6542914065 160 300 300
0024_6542914065 161 300 300
0024_6542914065 162 300 300
0024_6542914065 163 300 300
0024_6542914065 164 300 300
0024_6542914065 165 300 300
0024_6542914065 166 300 300
0024_6542914065 167 300 300
0024_6542914065 168 300 300
0024_6542914065 169 300 300
0024_6542914065 170 300 300
0024_6542914065 171 300 300
0024_6542914065 172 300 300
0024_6542914065 173 300 300
0024_6542914065 174 300 300
0024_6542914065 175 300 300
0024_6542914065 176 300 300
0024_6542914065 177 300 300
0024_6542914065 178 300 300
0024_6542914065 179 300 300
0024_6542914065 180 300 300
0024_6542914065 181 300 300
0024_6542914065 182 300 300
0024_6542914065 183 300 300
0024_6542914065 184 300 300
0024_6542914065 185 300 300
0024_6542914065 186 300 300
0024_6542914065 187 300 300
0024_6542914065 188 300 300
0024_6542914065 189 300 300
0024_6542914065 190 300 300
0024_6542914065 191 300 300
0024_6542914065 192 300 300
0024_6542914065 193 300 300
0024_6542914065 194 300 300
0024_6542914065 195 300 300
0024_6542914065 196 300 300
0024_6542914065 197 300 300
0024_6542914065 198 300 300
0024_6542914065 199 300 300
0024_6542914065 200 300 300
0024_6542914065 201 300 300
0024_6542914065 202 300 300
0024_6542914065 203 300 300
0024_6542914065 204 300 300
0024_6542914065 205 300 300
0024_6542914065 206 300 300
0024_6542914065 207 300 300
0024_6542914065 208 300 300
0024_6542914065 209 300 300
0024_6542914065 210 300 300
0024_6542914065 211 300 300
0024_6542914065 212 300 300
0024_6542914065 213 300 300
0024_6542914065 214 300 300
0024_6542914065 215 300 300
0024_6542914065 216 300 300
0024_6542914065 217 300 300
0024_6542914065 218 300 300
0024_6542914065 219 300 300
0024_6542914065 220 300 300
0024_6542914065 221 300 300
0024_6542914065 222 300 300
0024_6542914065 223 300 300
0024_6542914065 224 300 300
0024_6542914065 225 300 300
0024_6542914065 226 300 300
0024_6542914065 227 300 300
0024_6542914065 228 300 300
0024_6542914065 229 300 300
0024_6542914065 230 300 300
0024_6542914065 231 300 300
0024_6542914065 232 300 300
0024_6542914065 233 300 300
0024_6542914065 234 300 300
0024_6542914065 235 300 300
0024_6542914065 236 300 300
0024_6542914065 237 300 300
0024_6542914065 238 300 300
0024_6542914065 239 300 300
0024_6542914065 240 300 300
0024_6542914065 241 300 300
0024_6542914065 242 300 300
0024_6542914065 243 300 300
0024_6542914065 244 300 300
0024_6542914065 245 300 300
0024_6542914065 246 300 300
0024_6542914065 247 300 300
0024_6542914065 248 300 300
0024_6542914065 249 300 300
0024_6542914065 250 300 300
0024_6542914065 251 300 300
0024_6542914065 252 300 300
0024_6542914065 253 300 300
0024_6542914065 254 300 300
0024_6542914065 255 300 300
0024_6542914065 256 300 300
0024_6542914065 257 300 300
0024_6542914065 258 300 300
0024_6542914065 259 300 300
0024_6542914065 260 300 300
0024_6542914065 261 300 300
0024_6542914065 262 300 300
0024_6542914065 263 300 300
0024_6542914065 264 300 300
0024_6542914065 265 300 300
0024_6542914065 266 300 300
0024_6542914065 267 300 300
0024_6542914065 268 300 300
0024_6542914065 269 300 300
0024_6542914065 270 300 300
0024_6542914065 271 300 300
0024_6542914065 272 300 300
0024_6542914065 273 300 300
0024_6542914065 274 300 300
0024_6542914065 275 300 300
0024_6542914065 276 300 300
0024_6542914065 277 300 300
0024_6542914065 278 300 300
0024_6542914065 279 300 300
0024_6542914065 280 300 300
0024_6542914065 281 300 300
0024_6542914065 282 300 300
0024_6542914065 283 300 300
0024_6542914065 284 300 300
0024_6542914065 285 300 300
0024_6542914065 286 300 300
0024_6542914065 287 300 300
0024_6542914065 288 300 300
0024_6542914065 289 300 300
0024_6542914065 290 300 300
0024_6542914065 291 300 300
0024_6542914065 292 300 300
0024_6542914065 293 300 300
0024_6542914065 294 300 300
0024_6542914065 295 300 300
0024_6542914065 296 300 300
0024_6542914065 297 300 300
0024_6542914065 298 300 300
0024_6542914065 299 300 300
0024_6977613963 0 257 257
0024_6977613963 1 257 257
0024_6977613963 2 257 257
0024_6977613963 3 257 257
0024_6977613963 4 257 257
0024_6977613963 5 257 257
0024_6977613963 6 257 257
0024_6977613963 7 257 257
0024_6977613963 8 257 257
0024_6977613963 9 257 257
0024_6977613963 10 257 257
0024_6977613963 11 257 257
0024_6977613963 12 257 257
0024_6977613963 13 257 257
0024_6977613963 14 257 257
0024_6977613963 15 257 257
0024_6977613963 16 257 257
0024_6977613963 17 257 257
0024_6977613963 18 257 257
0024_6977613963 19 257 257
0024_6977613963 20 257 257
0024_6977613963 21 257 257
0024_6977613963 22 257 257
0024_6977613963 23 257 257
0024_6977613963 24 257 257
0024_6977613963 25 257 257
0024_6977613963 26 257 257
0024_6977613963 27 257 257
0024_6977613963 28 257 257
0024_6977613963 29 257 257
0024_6977613963 30 257 257
0024_6977613963 31 257 257
0024_6977613963 32 257 257
0024_6977613963 33 257 257
0024_6977613963 34 257 257
0024_6977613963 35 257 257
0024_6977613963 36 257 257
0024_6977613963 37 257 257
0024_6977613963 38 257 257
0024_6977613963 39 257 257
0024_6977613963 40 257 257
0024_6977613963 41 257 257
0024_6977613963 42 257 257
0024_6977613963 43 257 257
0024_6977613963 44 257 257
0024_6977613963 45 257 257
0024_6977613963 46 257 257
0024_6977613963 47 257 257
0024_6977613963 48 257 257
0024_6977613963 49 257 257
0024_6977613963 50 257 257
0024_6977613963 51 257 257
0024_6977613963 52 257 257
0024_6977613963 53 257 257
0024_6977613963 54 257 257
0024_6977613963 55 257 257
0024_6977613963 56 257 257
0024_6977613963 57 257 257
0024_6977613963 58 257 257
0024_6977613963 59 257 257
0024_6977613963 60 257 257
0024_6977613963 61 257 257
0024_6977613963 62 257 257
0024_6977613963 63 257 257
0024_6977613963 64 257 257
0024_6977613963 65 257 257
0024_6977613963 66 257 257
0024_6977613963 67 257 257
0024_6977613963 68 257 257
0024_6977613963 69 257 257
0024_6977613963 70 257 257
0024_6977613963 71 257 257
0024_6977613963 72 257 257
0024_6977613963 73 257 257
0024_6977613963 74 257 257
0024_6977613963 75 257 257
0024_6977613963 76 257 257
0024_6977613963 77 257 257
0024_6977613963 78 257 257
0024_6977613963 79 257 257
0024_6977613963 80 257 257
0024_6977613963 81 257 257
0024_6977613963 82 257 257
0024_6977613963 83 257 257
0024_6977613963 84 257 257
0024_6977613963 85 257 257
0024_6977613963 86 257 257
0024_6977613963 87 257 257
0024_6977613963 88 257 257
0024_6977613963 89 257 257
0024_6977613963 90 257 257
0024_6977613963 91 257 257
0024_6977613963 92 257 257
0024_6977613963 93 257 257
0024_6977613963 94 257 257
0024_6977613963 95 257 257
0024_6977613963 96 257 257
0024_6977613963 97 257 257
0024_6977613963 98 257 257
0024_6977613963 99 257 257
0024_6977613963 100 257 257
0024_6977613963 101 257 257
0024_6977613963 102 257 257
0024_6977613963 103 257 257
0024_6977613963 104 257 257
0024_6977613963 105 257 257
0024_6977613963 106 257 257
0024_6977613963 107 257 257
0024_6977613963 108 257 257
0024_6977613963 109 257 257
0024_6977613963 110 257 257
0024_6977613963 111 257 257
0024_6977613963 112 257 257
0024_6977613963 113 257 257
0024_6977613963 114 257 257
0024_6977613963 115 257 257
0024_6977613963 116 257 257
0024_6977613963 117 257 257
0024_6977613963 118 257 257
0024_6977613963 119 257 257
0024_6977613963 120 257 257
0024_6977613963 121 257 257
0024_6977613963 122 257 257
0024_6977613963 123 257 257
0024_6977613963 124 257 257
0024_6977613963 125 257 257
0024_6977613963 126 257 257
0024_6977613963 127 257 257
0024_6977613963 128 257 257
0024_6977613963 129 257 257
0024_6977613963 130 257 257
0024_6977613963 131 257 257
0024_6977613963 132 257 257
0024_6977613963 133 257 257
0024_6977613963 134 257 257
0024_6977613963 135 257 257
0024_6977613963 136 257 257
0024_6977613963 137 257 257
0024_6977613963 138 257 257
0024_6977613963 139 257 257
0024_6977613963 140 257 257
0024_6977613963 141 257 257
0024_6977613963 142 257 257
0024_6977613963 143 257 257
0024_6977613963 144 257 257
0024_6977613963 145 257 257
0024_6977613963 146 257 257
0024_6977613963 147 257 257
0024_6977613963 148 257 257
0024_6977613963 149 257 257
0024_6977613963 150 257 257
0024_6977613963 151 257 257
0024_6977613963 152 257 257
0024_6977613963 153 257 257
0024_6977613963 154 257 257
0024_6977613963 155 257 257
0024_6977613963 156 257 257
0024_6977613963 157 257 257
0024_6977613963 158 257 257
0024_6977613963 159 257 257
0024_6977613963 160 257 257
0024_6977613963 161 257 257
0024_6977613963 162 257 257
0024_6977613963 163 257 257
0024_6977613963 164 257 257
0024_6977613963 165 257 257
0024_6977613963 166 257 257
0024_6977613963 167 257 257
0024_6977613963 168 257 257
0024_6977613963 169 257 257
0024_6977613963 170 257 257
0024_6977613963 171 257 257
0024_6977613963 172 257 257
0024_6977613963 173 257 257
0024_6977613963 174 257 257
0024_6977613963 175 257 257
0024_6977613963 176 257 257
0024_6977613963 177 257 257
0024_6977613963 178 257 257
0024_6977613963 179 257 257
0024_6977613963 180 257 257
0024_6977613963 181 257 257
0024_6977613963 182 257 257
0024_6977613963 183 257 257
0024_6977613963 184 257 257
0024_6977613963 185 257 257
0024_6977613963 186 257 257
0024_6977613963 187 257 257
0024_6977613963 188 257 257
0024_6977613963 189 257 257
0024_6977613963 190 257 257
0024_6977613963 191 257 257
0024_6977613963 192 257 257
0024_6977613963 193 257 257
0024_6977613963 194 257 257
0024_6977613963 195 257 257
0024_6977613963 196 257 257
0024_6977613963 197 257 257
0024_6977613963 198 257 257
0024_6977613963 199 257 257
0024_6977613963 200 257 257
0024_6977613963 201 257 257
0024_6977613963 202 257 257
0024_6977613963 203 257 257
0024_6977613963 204 257 257
0024_6977613963 205 257 257
0024_6977613963 206 257 257
0024_6977613963 207 257 257
0024_6977613963 208 257 257
0024_6977613963 209 257 257
0024_6977613963 210 257 257
0024_6977613963 211 257 257
0024_6977613963 212 257 257
0024_6977613963 213 257 257
0024_6977613963 214 257 257
0024_6977613963 215 257 257
0024_6977613963 216 257 257
0024_6977613963 217 257 257
0024_6977613963 218 257 257
0024_6977613963 219 257 257
0024_6977613963 220 257 257
0024_6977613963 221 257 257
0024_6977613963 222 257 257
0024_6977613963 223 257 257
0024_6977613963 224 257 257
0024_6977613963 225 257 257
0024_6977613963 226 257 257
0024_6977613963 227 257 257
0024_6977613963 228 257 257
0024_6977613963 229 257 257
0024_6977613963 230 257 257
0024_6977613963 231 257 257
0024_6977613963 232 257 257
0024_6977613963 233 257 257
0024_6977613963 234 257 257
0024_6977613963 235 257 257
0024_6977613963 236 257 257
0024_6977613963 237 257 257
0024_6977613963 238 257 257
0024_6977613963 239 257 257
0024_6977613963 240 257 257
0024_6977613963 241 257 257
0024_6977613963 242 257 257
0024_6977613963 243 257 257
0024_6977613963 244 257 257
0024_6977613963 245 257 257
0024_6977613963 246 257 257
0024_6977613963 247 257 257
0024_6977613963 248 257 257
0024_6977613963 249 257 257
0024_6977613963 250 257 257
0024_6977613963 251 257 257
0024_6977613963 252 257 257
0024_6977613963 253 257 257
0024_6977613963 254 257 257
0024_6977613963 255 257 257
0024_6977613963 256 257 257
